>MA1113.1	PBX2
A [ -0.03927139396894075 -0.474252465483476 -1.707395272188874 1.9313154562005117 -2.208008503173792 -3.451934086059881 -4.284824100224623 1.845746462580804 -5.036896586781038 1.8781965393561706 -1.2514010986871726 -0.2848241002246229]
C [ -0.04641936089954399 -1.8253924815873257 -1.909784668877698 -4.426843105097051 -1.0133610723202482 -4.8253924815873255 -3.825392481587326 -4.892506677445863 1.955370953755302 -4.640967910449898 -0.6445791640022771 0.2735966130440414]
G [ 0.18278144985837463 -1.2295416647234332 1.6046798631868529 -3.76126214416761 -0.2989821632212824 -2.4144593806412185 1.9136209412277392 -1.6409679104498982 -4.640967910449898 -2.76126214416761 1.2229705399740736 0.3463529554793555]
T [ -0.1148990987823105 1.3626343262302973 -1.3719347639946613 -3.927272095606539 1.3076329370434576 1.881966650493557 -3.176299643446454 -4.284824100224623 -4.284824100224623 -2.875433164086921 -0.7225816760035503 -0.5166397754476965]
>MA0070.2	PBX1
A [ 1.8300749985576876 -2.1699250014423126 -inf 1.917537839808027 1.917537839808027 -inf -inf 1.8300749985576876 1.4150374992788437]
C [ -2.1699250014423126 -2.1699250014423126 2.0 -2.1699250014423126 -inf -inf 2.0 -2.1699250014423126 -inf]
G [ -2.1699250014423126 -inf -inf -inf -inf -2.1699250014423126 -inf -inf -2.1699250014423126]
T [ -inf 1.8300749985576876 -inf -inf -2.1699250014423126 1.917537839808027 -inf -2.1699250014423126 0.15200309344505006]
>MA1113.3	PBX2
A [ -0.5872065742091862 1.847108367358967 -5.03933339222325 1.7195856430470051 1.8805892870236025 1.8813304337657368 -3.39368296480299 -1.6869515007941738 1.8100543319858238]
C [ 1.408759963905762 -3.556198376560998 -3.6534422386039225 -1.7071824376197715 -3.6882076567645994 -3.294693870171623 -4.029747343394052 1.6912461859898396 -3.125194128877088]
G [ -2.2228474584135176 -2.113333973667027 -4.54477555330088 -3.178922315294604 -4.431049817267475 -3.700829741133705 -4.499967757942205 -3.736770622202819 -4.39368296480299]
T [ -1.104502406703306 -3.537965021183987 1.9438375780690285 -1.7863526510533791 -2.3672852747383826 -2.8672726464369465 1.925783892568089 -1.376874677116436 -1.5939598145734475]
