>MA0070.1	PBX1
A  [     5      3     16      1      0     17     17      0      0     16     12      8 ]
C  [     6      9      1      1     18      1      0      0     18      1      0      2 ]
G  [     2      3      1      0      0      0      0      1      0      0      1      2 ]
T  [     5      3      0     16      0      0      1     17      0      1      5      6 ]
>MA1114.1	PBX3
A  [  1595   1510   1320    596    228   6426    335    247    146   6164    150   6091    369    884   1251   1869   1495 ]
C  [  1711   1724   1849    225    227    125    788    199    242    108   6524    129    412   1377   2654   1619   1801 ]
G  [  2192   1934   1928    503   6406    214   4929    285   6550    604    209    425   5691   4077   1591   2068   2217 ]
T  [  1523   1853   1924   5697    160    256    969   6290     83    145    138    376    549    683   1525   1465   1508 ]
>MA0070.2	PBX1
A  [    16      1      0     17     17      0      0     16     12 ]
C  [     1      1     18      1      0      0     18      1      0 ]
G  [     1      0      0      0      0      1      0      0      1 ]
T  [     0     16      0      0      1     17      0      1      5 ]
>MA1114.2	PBX3
A  [   596    228   6426    335    247    146   6164    150   6091    369    884 ]
C  [   225    227    125    788    199    242    108   6524    129    412   1377 ]
G  [   503   6406    214   4929    285   6550    604    209    425   5691   4077 ]
T  [  5697    160    256    969   6290     83    145    138    376    549    683 ]
